[2, 32768, store registers 
2, 32769, 
2, 32770,
8, 32775, 5605, if reg 8 is 0, call 5605 (don't do the check)
2, 32768, store registers again? 
2, 32769, 
2, 32770, 
1, 32768, 28844, 		put 28844 into register 0
1, 32769, 1531, 		put 1531 into register 1
9, 32770, 6754, 23437, 		set register 2 to 6754 + 23437
17, 1458, 			call 1458 (print?)
3, 32770, 			restore registers
3, 32769, 
3, 32768, 
21, 21, 21, 21, 21,		noop slide! 
1, 32768, 4, 			set register 0 to 4
1, 32769, 1, 			set register 1 to 1
17, 6027, 			call 6027
4, 32769, 32768, 6, 		if register 0 =! 6:
8, 32769, 5579, 		jump to 5579
2, 32768, 			
2, 32769, 			restore registers
2, 32770, 			
1, 32768, 29014, 
1, 32769, 1531, 
9, 32770, 607, 4371, 
17, 1458, 
3, 32770, 
3, 32769, 3, 32768, 1, 32768, 32775, 1, 32769, 25866, 1, 32770, 32767, 2, 32771, 1, 32771, 29241, 17, 1841, 3, 32771, 2, 32768, 2, 32769, 2, 32770, 1, 32768, 29245, 1, 32769, 1531, 9, 32770, 16021, 14413, 17, 1458, 3, 32770, 3, 32769, 3, 32768, 16, 2732, 2498, 16, 2733, 0, 9, 32769, 2708, 2, 16, 32769, 32767, 6, 5714, 2, 32768, 2, 32769, 2, 32770, 1, 32768, 29400, 1, 32769, 1531, 9, 32770, 23016, 7816, 17, 1458, 3, 32770, 3, 32769, 3, 32768, 6, 5714, 2, 32768, 2, 32769, 2, 32770, 1, 32768, 29545, 1, 32769, 1531, 9, 32770, 5167, 10036, 17, 1458, 3, 32770, 3, 32769, 3, 32768, 1, 32768, 0, 9, 32770, 1, 27101, 15, 32769, 32770, 9, 32768, 32768, 32769, 10, 32768, 32768, 31660, 17, 2125, 15, 32769, 27101, 9, 32769, 32769, 27101, 9, 32770, 32770, 1, 5, 32769, 32770, 32769, 8, 32769, 5636, 1, 32769, 25866, 1, 32770, 32767, 2, 32771, 1, 32771, 29663, 17, 1841, 3, 32771, 2, 32768, 2, 32769, 2, 32770, 1, 32768, 29667, 1, 32769, 1531, 9, 32770, 5653, 18637, 17, 1458, 3, 32770, 3, 32769, 3, 32768, 16, 2732, 2488, 16, 2733, 0, 6, 5714, 3, 32770, 3, 32769, 3, 32768, 18]

register 8 is accessed at:
522
5452
5524
6044
 
6027:
if register 0 != 0: GOTO 6035
register 0 = register 1 + 1
return

6035:
if register 1 != 0: GOTO 6048
register 0 -= 1
register 1 = 32755
call 6027
return

6048:
store register 0
register 1 -= 1
call 6027
register 1 = register 0
restore register 0
register 0 -= 1
call 6027
return

        1
      1 1
    1 2 1
  1 3 3 1
1 4 6 4 1



